function, code1, hexcode1, code2, hexcode2

"AUTO ADJUST RGB","sendir,1:1,1,38000,1,69,341,170,21,64,21,64,21,64,21,21,21,21,21,21,21,21,21,64,21,64,21,21,21,64,21,21,21,21,21,21,21,64,21,21,21,21,21,21,21,64,21,21,21,21,21,64,21,21,21,21,21,64,21,64,21,21,21,64,21,64,21,21,21,64,21,64,21,1517,341,85,21,3655","0000 006D 0022 0002 0155 00AA 0015 0040 0015 0040 0015 0040 0015 0015 0015 0015 0015 0015 0015 0015 0015 0040 0015 0040 0015 0015 0015 0040 0015 0015 0015 0015 0015 0015 0015 0040 0015 0015 0015 0015 0015 0015 0015 0040 0015 0015 0015 0015 0015 0040 0015 0015 0015 0015 0015 0040 0015 0040 0015 0015 0015 0040 0015 0040 0015 0015 0015 0040 0015 0040 0015 05ED 0155 0055 0015 0E47",,

"BLANK","sendir,1:1,1,38000,1,69,341,170,21,64,21,64,21,64,21,21,21,21,21,21,21,21,21,64,21,64,21,21,21,64,21,21,21,21,21,21,21,64,21,21,21,64,21,21,21,21,21,21,21,21,21,21,21,64,21,21,21,21,21,64,21,64,21,64,21,64,21,64,21,21,21,64,21,1517,341,85,21,3655","0000 006D 0022 0002 0155 00AA 0015 0040 0015 0040 0015 0040 0015 0015 0015 0015 0015 0015 0015 0015 0015 0040 0015 0040 0015 0015 0015 0040 0015 0015 0015 0015 0015 0015 0015 0040 0015 0015 0015 0040 0015 0015 0015 0015 0015 0015 0015 0015 0015 0015 0015 0040 0015 0015 0015 0015 0015 0040 0015 0040 0015 0040 0015 0040 0015 0040 0015 0015 0015 0040 0015 05ED 0155 0055 0015 0E47",,

"BRIGHTNESS DOWN","sendir,1:1,1,38000,1,69,334,167,21,63,21,63,21,63,21,21,21,21,21,21,21,21,21,63,21,63,21,21,21,63,21,21,21,21,21,21,21,63,21,21,21,63,21,63,21,21,21,21,21,63,21,63,21,63,21,21,21,21,21,21,21,63,21,63,21,21,21,21,21,21,21,63,21,1463,334,84,21,3667","0000 006D 0022 0002 014E 00A7 0015 003F 0015 003F 0015 003F 0015 0015 0015 0015 0015 0015 0015 0015 0015 003F 0015 003F 0015 0015 0015 003F 0015 0015 0015 0015 0015 0015 0015 003F 0015 0015 0015 003F 0015 003F 0015 0015 0015 0015 0015 003F 0015 003F 0015 003F 0015 0015 0015 0015 0015 0015 0015 003F 0015 003F 0015 0015 0015 0015 0015 0015 0015 003F 0015 05B7 014E 0054 0015 0E53",,

"BRIGHTNESS UP","sendir,1:1,1,38000,1,69,334,167,21,63,21,63,21,63,21,21,21,21,21,21,21,21,21,63,21,63,21,21,21,63,21,21,21,21,21,21,21,63,21,21,21,21,21,63,21,21,21,21,21,63,21,63,21,63,21,21,21,63,21,21,21,63,21,63,21,21,21,21,21,21,21,63,21,1463,334,84,21,3667","0000 006D 0022 0002 014E 00A7 0015 003F 0015 003F 0015 003F 0015 0015 0015 0015 0015 0015 0015 0015 0015 003F 0015 003F 0015 0015 0015 003F 0015 0015 0015 0015 0015 0015 0015 003F 0015 0015 0015 0015 0015 003F 0015 0015 0015 0015 0015 003F 0015 003F 0015 003F 0015 0015 0015 003F 0015 0015 0015 003F 0015 003F 0015 0015 0015 0015 0015 0015 0015 003F 0015 05B7 014E 0054 0015 0E53",,

"COLOR DOWN","sendir,1:1,1,38000,1,69,334,167,21,63,21,63,21,63,21,21,21,21,21,21,21,21,21,63,21,63,21,21,21,63,21,21,21,21,21,21,21,63,21,21,21,63,21,63,21,63,21,21,21,63,21,63,21,63,21,21,21,21,21,21,21,21,21,63,21,21,21,21,21,21,21,63,21,1463,334,84,21,3667","0000 006D 0022 0002 014E 00A7 0015 003F 0015 003F 0015 003F 0015 0015 0015 0015 0015 0015 0015 0015 0015 003F 0015 003F 0015 0015 0015 003F 0015 0015 0015 0015 0015 0015 0015 003F 0015 0015 0015 003F 0015 003F 0015 003F 0015 0015 0015 003F 0015 003F 0015 003F 0015 0015 0015 0015 0015 0015 0015 0015 0015 003F 0015 0015 0015 0015 0015 0015 0015 003F 0015 05B7 014E 0054 0015 0E53",,

"COLOR TEMP","sendir,1:1,1,38000,1,69,334,167,21,63,21,63,21,63,21,21,21,21,21,21,21,21,21,63,21,63,21,21,21,63,21,21,21,21,21,21,21,63,21,21,21,63,21,21,21,21,21,63,21,63,21,63,21,63,21,21,21,21,21,63,21,63,21,21,21,21,21,21,21,21,21,63,21,1463,334,84,21,3667","0000 006D 0022 0002 014E 00A7 0015 003F 0015 003F 0015 003F 0015 0015 0015 0015 0015 0015 0015 0015 0015 003F 0015 003F 0015 0015 0015 003F 0015 0015 0015 0015 0015 0015 0015 003F 0015 0015 0015 003F 0015 0015 0015 0015 0015 003F 0015 003F 0015 003F 0015 003F 0015 0015 0015 0015 0015 003F 0015 003F 0015 0015 0015 0015 0015 0015 0015 0015 0015 003F 0015 05B7 014E 0054 0015 0E53",,

"COLOR UP","sendir,1:1,1,38000,1,69,334,167,21,63,21,63,21,63,21,21,21,21,21,21,21,21,21,63,21,63,21,21,21,63,21,21,21,21,21,21,21,63,21,21,21,21,21,63,21,63,21,21,21,63,21,63,21,63,21,21,21,63,21,21,21,21,21,63,21,21,21,21,21,21,21,63,21,1463,334,84,21,3667","0000 006D 0022 0002 014E 00A7 0015 003F 0015 003F 0015 003F 0015 0015 0015 0015 0015 0015 0015 0015 0015 003F 0015 003F 0015 0015 0015 003F 0015 0015 0015 0015 0015 0015 0015 003F 0015 0015 0015 0015 0015 003F 0015 003F 0015 0015 0015 003F 0015 003F 0015 003F 0015 0015 0015 003F 0015 0015 0015 0015 0015 003F 0015 0015 0015 0015 0015 0015 0015 003F 0015 05B7 014E 0054 0015 0E53",,

"CONTRAST DOWN","sendir,1:1,1,38000,1,69,334,167,21,63,21,63,21,63,21,21,21,21,21,21,21,21,21,63,21,63,21,21,21,63,21,21,21,21,21,21,21,63,21,21,21,63,21,21,21,63,21,21,21,63,21,63,21,63,21,21,21,21,21,63,21,21,21,63,21,21,21,21,21,21,21,63,21,1463,334,84,21,3667","0000 006D 0022 0002 014E 00A7 0015 003F 0015 003F 0015 003F 0015 0015 0015 0015 0015 0015 0015 0015 0015 003F 0015 003F 0015 0015 0015 003F 0015 0015 0015 0015 0015 0015 0015 003F 0015 0015 0015 003F 0015 0015 0015 003F 0015 0015 0015 003F 0015 003F 0015 003F 0015 0015 0015 0015 0015 003F 0015 0015 0015 003F 0015 0015 0015 0015 0015 0015 0015 003F 0015 05B7 014E 0054 0015 0E53",,

"CONTRAST UP","sendir,1:1,1,38000,1,69,334,167,21,63,21,63,21,63,21,21,21,21,21,21,21,21,21,63,21,63,21,21,21,63,21,21,21,21,21,21,21,63,21,21,21,21,21,21,21,63,21,21,21,63,21,63,21,63,21,21,21,63,21,63,21,21,21,63,21,21,21,21,21,21,21,63,21,1463,334,84,21,3667","0000 006D 0022 0002 014E 00A7 0015 003F 0015 003F 0015 003F 0015 0015 0015 0015 0015 0015 0015 0015 0015 003F 0015 003F 0015 0015 0015 003F 0015 0015 0015 0015 0015 0015 0015 003F 0015 0015 0015 0015 0015 0015 0015 003F 0015 0015 0015 003F 0015 003F 0015 003F 0015 0015 0015 003F 0015 003F 0015 0015 0015 003F 0015 0015 0015 0015 0015 0015 0015 003F 0015 05B7 014E 0054 0015 0E53",,

"CURSOR DOWN","sendir,1:1,1,38000,1,69,341,170,21,64,21,64,21,64,21,21,21,21,21,21,21,21,21,64,21,64,21,21,21,64,21,21,21,21,21,21,21,64,21,21,21,21,21,21,21,64,21,64,21,21,21,64,21,21,21,21,21,64,21,64,21,21,21,21,21,64,21,21,21,64,21,64,21,1517,341,85,21,3655","0000 006D 0022 0002 0155 00AA 0015 0040 0015 0040 0015 0040 0015 0015 0015 0015 0015 0015 0015 0015 0015 0040 0015 0040 0015 0015 0015 0040 0015 0015 0015 0015 0015 0015 0015 0040 0015 0015 0015 0015 0015 0015 0015 0040 0015 0040 0015 0015 0015 0040 0015 0015 0015 0015 0015 0040 0015 0040 0015 0015 0015 0015 0015 0040 0015 0015 0015 0040 0015 0040 0015 05ED 0155 0055 0015 0E47",,

"CURSOR ENTER","sendir,1:1,1,38000,1,69,341,170,21,64,21,64,21,64,21,21,21,21,21,21,21,21,21,64,21,64,21,21,21,64,21,21,21,21,21,21,21,64,21,21,21,64,21,21,21,21,21,21,21,21,21,64,21,21,21,21,21,21,21,64,21,64,21,64,21,64,21,21,21,64,21,64,21,1517,341,85,21,3655","0000 006D 0022 0002 0155 00AA 0015 0040 0015 0040 0015 0040 0015 0015 0015 0015 0015 0015 0015 0015 0015 0040 0015 0040 0015 0015 0015 0040 0015 0015 0015 0015 0015 0015 0015 0040 0015 0015 0015 0040 0015 0015 0015 0015 0015 0015 0015 0015 0015 0040 0015 0015 0015 0015 0015 0015 0015 0040 0015 0040 0015 0040 0015 0040 0015 0015 0015 0040 0015 0040 0015 05ED 0155 0055 0015 0E47",,

"CURSOR LEFT","sendir,1:1,1,38000,1,69,341,170,21,64,21,64,21,64,21,21,21,21,21,21,21,21,21,64,21,64,21,21,21,64,21,21,21,21,21,21,21,64,21,21,21,21,21,64,21,64,21,64,21,21,21,64,21,21,21,21,21,64,21,21,21,21,21,21,21,64,21,21,21,64,21,64,21,1517,341,85,21,3655","0000 006D 0022 0002 0155 00AA 0015 0040 0015 0040 0015 0040 0015 0015 0015 0015 0015 0015 0015 0015 0015 0040 0015 0040 0015 0015 0015 0040 0015 0015 0015 0015 0015 0015 0015 0040 0015 0015 0015 0015 0015 0040 0015 0040 0015 0040 0015 0015 0015 0040 0015 0015 0015 0015 0015 0040 0015 0015 0015 0015 0015 0015 0015 0040 0015 0015 0015 0040 0015 0040 0015 05ED 0155 0055 0015 0E47",,

"CURSOR RIGHT","sendir,1:1,1,38000,1,69,341,170,21,64,21,64,21,64,21,21,21,21,21,21,21,21,21,64,21,64,21,21,21,64,21,21,21,21,21,21,21,64,21,21,21,21,21,64,21,21,21,64,21,21,21,64,21,21,21,21,21,64,21,21,21,64,21,21,21,64,21,21,21,64,21,64,21,1517,341,85,21,3655","0000 006D 0022 0002 0155 00AA 0015 0040 0015 0040 0015 0040 0015 0015 0015 0015 0015 0015 0015 0015 0015 0040 0015 0040 0015 0015 0015 0040 0015 0015 0015 0015 0015 0015 0015 0040 0015 0015 0015 0015 0015 0040 0015 0015 0015 0040 0015 0015 0015 0040 0015 0015 0015 0015 0015 0040 0015 0015 0015 0040 0015 0015 0015 0040 0015 0015 0015 0040 0015 0040 0015 05ED 0155 0055 0015 0E47",,

"CURSOR UP","sendir,1:1,1,38000,1,69,341,170,21,64,21,64,21,64,21,21,21,21,21,21,21,21,21,64,21,64,21,21,21,64,21,21,21,21,21,21,21,64,21,21,21,21,21,21,21,21,21,64,21,21,21,64,21,21,21,21,21,64,21,64,21,64,21,21,21,64,21,21,21,64,21,64,21,1517,341,85,21,3655","0000 006D 0022 0002 0155 00AA 0015 0040 0015 0040 0015 0040 0015 0015 0015 0015 0015 0015 0015 0015 0015 0040 0015 0040 0015 0015 0015 0040 0015 0015 0015 0015 0015 0015 0015 0040 0015 0015 0015 0015 0015 0015 0015 0015 0015 0040 0015 0015 0015 0040 0015 0015 0015 0015 0015 0040 0015 0040 0015 0040 0015 0015 0015 0040 0015 0015 0015 0040 0015 0040 0015 05ED 0155 0055 0015 0E47",,

"ESCAPE","sendir,1:1,1,38000,1,69,341,170,21,64,21,64,21,64,21,21,21,21,21,21,21,21,21,64,21,64,21,21,21,64,21,21,21,21,21,21,21,64,21,21,21,21,21,21,21,64,21,21,21,64,21,21,21,64,21,64,21,64,21,64,21,21,21,64,21,21,21,64,21,21,21,21,21,1517,341,85,21,3655","0000 006D 0022 0002 0155 00AA 0015 0040 0015 0040 0015 0040 0015 0015 0015 0015 0015 0015 0015 0015 0015 0040 0015 0040 0015 0015 0015 0040 0015 0015 0015 0015 0015 0015 0015 0040 0015 0015 0015 0015 0015 0015 0015 0040 0015 0015 0015 0040 0015 0015 0015 0040 0015 0040 0015 0040 0015 0040 0015 0015 0015 0040 0015 0015 0015 0040 0015 0015 0015 0015 0015 05ED 0155 0055 0015 0E47",,

"FOCUS MINUS","sendir,1:1,1,38000,1,69,341,170,21,64,21,64,21,64,21,21,21,21,21,21,21,21,21,64,21,64,21,21,21,64,21,21,21,21,21,21,21,64,21,21,21,64,21,64,21,21,21,21,21,21,21,64,21,64,21,21,21,21,21,21,21,64,21,64,21,64,21,21,21,21,21,64,21,1517,341,85,21,3655","0000 006D 0022 0002 0155 00AA 0015 0040 0015 0040 0015 0040 0015 0015 0015 0015 0015 0015 0015 0015 0015 0040 0015 0040 0015 0015 0015 0040 0015 0015 0015 0015 0015 0015 0015 0040 0015 0015 0015 0040 0015 0040 0015 0015 0015 0015 0015 0015 0015 0040 0015 0040 0015 0015 0015 0015 0015 0015 0015 0040 0015 0040 0015 0040 0015 0015 0015 0015 0015 0040 0015 05ED 0155 0055 0015 0E47",,

"FOCUS PLUS","sendir,1:1,1,38000,1,69,341,170,21,64,21,64,21,64,21,21,21,21,21,21,21,21,21,64,21,64,21,21,21,64,21,21,21,21,21,21,21,64,21,21,21,21,21,64,21,21,21,21,21,21,21,64,21,64,21,21,21,64,21,21,21,64,21,64,21,64,21,21,21,21,21,64,21,1517,341,85,21,3655","0000 006D 0022 0002 0155 00AA 0015 0040 0015 0040 0015 0040 0015 0015 0015 0015 0015 0015 0015 0015 0015 0040 0015 0040 0015 0015 0015 0040 0015 0015 0015 0015 0015 0015 0015 0040 0015 0015 0015 0015 0015 0040 0015 0015 0015 0015 0015 0015 0015 0040 0015 0040 0015 0015 0015 0040 0015 0015 0015 0040 0015 0040 0015 0040 0015 0015 0015 0015 0015 0040 0015 05ED 0155 0055 0015 0E47",,

"FORMAT SCROLL","sendir,1:1,1,38000,1,69,341,170,21,64,21,64,21,64,21,21,21,21,21,21,21,21,21,64,21,64,21,21,21,64,21,21,21,21,21,21,21,64,21,21,21,21,21,64,21,21,21,64,21,64,21,64,21,64,21,21,21,64,21,21,21,64,21,21,21,21,21,21,21,21,21,64,21,1517,341,85,21,3655","0000 006D 0022 0002 0155 00AA 0015 0040 0015 0040 0015 0040 0015 0015 0015 0015 0015 0015 0015 0015 0015 0040 0015 0040 0015 0015 0015 0040 0015 0015 0015 0015 0015 0015 0015 0040 0015 0015 0015 0015 0015 0040 0015 0015 0015 0040 0015 0040 0015 0040 0015 0040 0015 0015 0015 0040 0015 0015 0015 0040 0015 0015 0015 0015 0015 0015 0015 0015 0015 0040 0015 05ED 0155 0055 0015 0E47",,

"FREEZE","sendir,1:1,1,38000,1,69,341,170,21,64,21,64,21,64,21,21,21,21,21,21,21,21,21,64,21,64,21,21,21,64,21,21,21,21,21,21,21,64,21,21,21,21,21,21,21,64,21,21,21,64,21,64,21,21,21,64,21,64,21,64,21,21,21,64,21,21,21,21,21,64,21,21,21,1517,341,85,21,3655","0000 006D 0022 0002 0155 00AA 0015 0040 0015 0040 0015 0040 0015 0015 0015 0015 0015 0015 0015 0015 0015 0040 0015 0040 0015 0015 0015 0040 0015 0015 0015 0015 0015 0015 0015 0040 0015 0015 0015 0015 0015 0015 0015 0040 0015 0015 0015 0040 0015 0040 0015 0015 0015 0040 0015 0040 0015 0040 0015 0015 0015 0040 0015 0015 0015 0015 0015 0040 0015 0015 0015 05ED 0155 0055 0015 0E47",,

"GAMMA","sendir,1:1,1,38000,1,69,334,167,21,63,21,63,21,63,21,21,21,21,21,21,21,21,21,63,21,63,21,21,21,63,21,21,21,21,21,21,21,63,21,21,21,63,21,63,21,21,21,63,21,63,21,63,21,63,21,21,21,21,21,21,21,63,21,21,21,21,21,21,21,21,21,63,21,1463,334,84,21,3667","0000 006D 0022 0002 014E 00A7 0015 003F 0015 003F 0015 003F 0015 0015 0015 0015 0015 0015 0015 0015 0015 003F 0015 003F 0015 0015 0015 003F 0015 0015 0015 0015 0015 0015 0015 003F 0015 0015 0015 003F 0015 003F 0015 0015 0015 003F 0015 003F 0015 003F 0015 003F 0015 0015 0015 0015 0015 0015 0015 003F 0015 0015 0015 0015 0015 0015 0015 0015 0015 003F 0015 05B7 014E 0054 0015 0E53",,

"GAMMA 1","sendir,1:1,1,38000,1,69,334,167,21,63,21,63,21,63,21,21,21,21,21,21,21,21,21,63,21,63,21,21,21,63,21,21,21,21,21,21,21,63,21,21,21,21,21,21,21,63,21,63,21,63,21,63,21,63,21,21,21,63,21,63,21,21,21,21,21,21,21,21,21,21,21,63,21,1463,334,84,21,3667","0000 006D 0022 0002 014E 00A7 0015 003F 0015 003F 0015 003F 0015 0015 0015 0015 0015 0015 0015 0015 0015 003F 0015 003F 0015 0015 0015 003F 0015 0015 0015 0015 0015 0015 0015 003F 0015 0015 0015 0015 0015 0015 0015 003F 0015 003F 0015 003F 0015 003F 0015 003F 0015 0015 0015 003F 0015 003F 0015 0015 0015 0015 0015 0015 0015 0015 0015 0015 0015 003F 0015 05B7 014E 0054 0015 0E53",,

"GAMMA 2","sendir,1:1,1,38000,1,69,334,167,21,63,21,63,21,63,21,21,21,21,21,21,21,21,21,63,21,63,21,21,21,63,21,21,21,21,21,21,21,63,21,21,21,63,21,21,21,63,21,63,21,63,21,63,21,63,21,21,21,21,21,63,21,21,21,21,21,21,21,21,21,21,21,63,21,1463,334,84,21,3667","0000 006D 0022 0002 014E 00A7 0015 003F 0015 003F 0015 003F 0015 0015 0015 0015 0015 0015 0015 0015 0015 003F 0015 003F 0015 0015 0015 003F 0015 0015 0015 0015 0015 0015 0015 003F 0015 0015 0015 003F 0015 0015 0015 003F 0015 003F 0015 003F 0015 003F 0015 003F 0015 0015 0015 0015 0015 003F 0015 0015 0015 0015 0015 0015 0015 0015 0015 0015 0015 003F 0015 05B7 014E 0054 0015 0E53",,

"GAMMA 3","sendir,1:1,1,38000,1,69,334,167,21,63,21,63,21,63,21,21,21,21,21,21,21,21,21,63,21,63,21,21,21,63,21,21,21,21,21,21,21,63,21,21,21,21,21,63,21,63,21,63,21,63,21,63,21,63,21,21,21,63,21,21,21,21,21,21,21,21,21,21,21,21,21,63,21,1463,334,84,21,3667","0000 006D 0022 0002 014E 00A7 0015 003F 0015 003F 0015 003F 0015 0015 0015 0015 0015 0015 0015 0015 0015 003F 0015 003F 0015 0015 0015 003F 0015 0015 0015 0015 0015 0015 0015 003F 0015 0015 0015 0015 0015 003F 0015 003F 0015 003F 0015 003F 0015 003F 0015 003F 0015 0015 0015 003F 0015 0015 0015 0015 0015 0015 0015 0015 0015 0015 0015 0015 0015 003F 0015 05B7 014E 0054 0015 0E53",,

"GAMMA 4","sendir,1:1,1,38000,1,69,334,167,21,63,21,63,21,63,21,21,21,21,21,21,21,21,21,63,21,63,21,21,21,63,21,21,21,21,21,21,21,63,21,21,21,63,21,63,21,63,21,63,21,63,21,63,21,63,21,21,21,21,21,21,21,21,21,21,21,21,21,21,21,21,21,63,21,1463,334,84,21,3667","0000 006D 0022 0002 014E 00A7 0015 003F 0015 003F 0015 003F 0015 0015 0015 0015 0015 0015 0015 0015 0015 003F 0015 003F 0015 0015 0015 003F 0015 0015 0015 0015 0015 0015 0015 003F 0015 0015 0015 003F 0015 003F 0015 003F 0015 003F 0015 003F 0015 003F 0015 003F 0015 0015 0015 0015 0015 0015 0015 0015 0015 0015 0015 0015 0015 0015 0015 0015 0015 003F 0015 05B7 014E 0054 0015 0E53",,

"INPUT COMPONENT 1","sendir,1:1,1,38000,1,69,341,170,21,64,21,64,21,64,21,21,21,21,21,21,21,21,21,64,21,64,21,21,21,64,21,21,21,21,21,21,21,64,21,21,21,64,21,21,21,64,21,21,21,64,21,21,21,21,21,21,21,21,21,64,21,21,21,64,21,21,21,64,21,64,21,64,21,1517,341,85,21,3655","0000 006D 0022 0002 0155 00AA 0015 0040 0015 0040 0015 0040 0015 0015 0015 0015 0015 0015 0015 0015 0015 0040 0015 0040 0015 0015 0015 0040 0015 0015 0015 0015 0015 0015 0015 0040 0015 0015 0015 0040 0015 0015 0015 0040 0015 0015 0015 0040 0015 0015 0015 0015 0015 0015 0015 0015 0015 0040 0015 0015 0015 0040 0015 0015 0015 0040 0015 0040 0015 0040 0015 05ED 0155 0055 0015 0E47",,

"INPUT COMPONENT 2","sendir,1:1,1,38000,1,69,334,167,21,63,21,63,21,63,21,21,21,21,21,21,21,21,21,63,21,63,21,21,21,63,21,21,21,21,21,21,21,63,21,21,21,63,21,63,21,21,21,63,21,63,21,21,21,21,21,21,21,21,21,21,21,63,21,21,21,21,21,63,21,63,21,63,21,1463,334,84,21,3667","0000 006D 0022 0002 014E 00A7 0015 003F 0015 003F 0015 003F 0015 0015 0015 0015 0015 0015 0015 0015 0015 003F 0015 003F 0015 0015 0015 003F 0015 0015 0015 0015 0015 0015 0015 003F 0015 0015 0015 003F 0015 003F 0015 0015 0015 003F 0015 003F 0015 0015 0015 0015 0015 0015 0015 0015 0015 0015 0015 003F 0015 0015 0015 0015 0015 003F 0015 003F 0015 003F 0015 05B7 014E 0054 0015 0E53",,

"INPUT COMPOSITE","sendir,1:1,1,38000,1,69,341,170,21,64,21,64,21,64,21,21,21,21,21,21,21,21,21,64,21,64,21,21,21,64,21,21,21,21,21,21,21,64,21,21,21,64,21,64,21,21,21,21,21,64,21,21,21,21,21,21,21,21,21,21,21,64,21,64,21,21,21,64,21,64,21,64,21,1517,341,85,21,3655","0000 006D 0022 0002 0155 00AA 0015 0040 0015 0040 0015 0040 0015 0015 0015 0015 0015 0015 0015 0015 0015 0040 0015 0040 0015 0015 0015 0040 0015 0015 0015 0015 0015 0015 0015 0040 0015 0015 0015 0040 0015 0040 0015 0015 0015 0015 0015 0040 0015 0015 0015 0015 0015 0015 0015 0015 0015 0015 0015 0040 0015 0040 0015 0015 0015 0040 0015 0040 0015 0040 0015 05ED 0155 0055 0015 0E47",,

"INPUT DVI M1 D","sendir,1:1,1,38000,1,69,341,170,21,64,21,64,21,64,21,21,21,21,21,21,21,21,21,64,21,64,21,21,21,64,21,21,21,21,21,21,21,64,21,21,21,21,21,64,21,21,21,21,21,64,21,21,21,21,21,21,21,64,21,21,21,64,21,64,21,21,21,64,21,64,21,64,21,1517,341,85,21,3655","0000 006D 0022 0002 0155 00AA 0015 0040 0015 0040 0015 0040 0015 0015 0015 0015 0015 0015 0015 0015 0015 0040 0015 0040 0015 0015 0015 0040 0015 0015 0015 0015 0015 0015 0015 0040 0015 0015 0015 0015 0015 0040 0015 0015 0015 0015 0015 0040 0015 0015 0015 0015 0015 0015 0015 0040 0015 0015 0015 0040 0015 0040 0015 0015 0015 0040 0015 0040 0015 0040 0015 05ED 0155 0055 0015 0E47",,

"INPUT PC","sendir,1:1,1,38000,1,69,342,170,21,64,21,64,21,64,21,21,21,21,21,21,21,21,21,64,21,64,21,21,21,64,21,21,21,21,21,21,21,64,21,21,21,21,21,21,21,21,21,21,21,64,21,21,21,21,21,21,21,64,21,64,21,64,21,64,21,21,21,64,21,64,21,64,21,1558,342,85,21,3650","0000 006D 0022 0002 0156 00AA 0015 0040 0015 0040 0015 0040 0015 0015 0015 0015 0015 0015 0015 0015 0015 0040 0015 0040 0015 0015 0015 0040 0015 0015 0015 0015 0015 0015 0015 0040 0015 0015 0015 0015 0015 0015 0015 0015 0015 0015 0015 0040 0015 0015 0015 0015 0015 0015 0015 0040 0015 0040 0015 0040 0015 0040 0015 0015 0015 0040 0015 0040 0015 0040 0015 0616 0156 0055 0015 0E42",,

"INPUT RGB","sendir,1:1,1,38000,1,69,341,170,21,64,21,64,21,64,21,21,21,21,21,21,21,21,21,64,21,64,21,21,21,64,21,21,21,21,21,21,21,64,21,21,21,21,21,21,21,21,21,64,21,64,21,21,21,21,21,21,21,64,21,64,21,64,21,21,21,21,21,64,21,64,21,64,21,1517,341,85,21,3655","0000 006D 0022 0002 0155 00AA 0015 0040 0015 0040 0015 0040 0015 0015 0015 0015 0015 0015 0015 0015 0015 0040 0015 0040 0015 0015 0015 0040 0015 0015 0015 0015 0015 0015 0015 0040 0015 0015 0015 0015 0015 0015 0015 0015 0015 0040 0015 0040 0015 0015 0015 0015 0015 0015 0015 0040 0015 0040 0015 0040 0015 0015 0015 0015 0015 0040 0015 0040 0015 0040 0015 05ED 0155 0055 0015 0E47",,

"INPUT RGB 1","sendir,1:1,1,38000,1,69,341,170,21,64,21,64,21,64,21,21,21,21,21,21,21,21,21,64,21,64,21,21,21,64,21,21,21,21,21,21,21,64,21,21,21,21,21,21,21,21,21,21,21,64,21,21,21,21,21,21,21,64,21,64,21,64,21,64,21,21,21,64,21,64,21,64,21,1517,341,85,21,3655","0000 006D 0022 0002 0155 00AA 0015 0040 0015 0040 0015 0040 0015 0015 0015 0015 0015 0015 0015 0015 0015 0040 0015 0040 0015 0015 0015 0040 0015 0015 0015 0015 0015 0015 0015 0040 0015 0015 0015 0015 0015 0015 0015 0015 0015 0015 0015 0040 0015 0015 0015 0015 0015 0015 0015 0040 0015 0040 0015 0040 0015 0040 0015 0015 0015 0040 0015 0040 0015 0040 0015 05ED 0155 0055 0015 0E47",,

"INPUT RGB 2 BNC","sendir,1:1,1,38000,1,69,341,170,21,64,21,64,21,64,21,21,21,21,21,21,21,21,21,64,21,64,21,21,21,64,21,21,21,21,21,21,21,64,21,21,21,64,21,21,21,21,21,21,21,64,21,21,21,21,21,21,21,21,21,64,21,64,21,64,21,21,21,64,21,64,21,64,21,1517,341,85,21,3655","0000 006D 0022 0002 0155 00AA 0015 0040 0015 0040 0015 0040 0015 0015 0015 0015 0015 0015 0015 0015 0015 0040 0015 0040 0015 0015 0015 0040 0015 0015 0015 0015 0015 0015 0015 0040 0015 0015 0015 0040 0015 0015 0015 0015 0015 0015 0015 0040 0015 0015 0015 0015 0015 0015 0015 0015 0015 0040 0015 0040 0015 0040 0015 0015 0015 0040 0015 0040 0015 0040 0015 05ED 0155 0055 0015 0E47",,

"INPUT S VIDEO","sendir,1:1,1,38000,1,69,341,170,21,64,21,64,21,64,21,21,21,21,21,21,21,21,21,64,21,64,21,21,21,64,21,21,21,21,21,21,21,64,21,21,21,21,21,21,21,64,21,21,21,64,21,21,21,21,21,21,21,64,21,64,21,21,21,64,21,21,21,64,21,64,21,64,21,1517,341,85,21,3655","0000 006D 0022 0002 0155 00AA 0015 0040 0015 0040 0015 0040 0015 0015 0015 0015 0015 0015 0015 0015 0015 0040 0015 0040 0015 0015 0015 0040 0015 0015 0015 0015 0015 0015 0015 0040 0015 0015 0015 0015 0015 0015 0015 0040 0015 0015 0015 0040 0015 0015 0015 0015 0015 0015 0015 0040 0015 0040 0015 0015 0015 0040 0015 0015 0015 0040 0015 0040 0015 0040 0015 05ED 0155 0055 0015 0E47",,

"INPUT VIDEO","sendir,1:1,1,38000,1,69,341,170,21,64,21,64,21,64,21,21,21,21,21,21,21,21,21,64,21,64,21,21,21,64,21,21,21,21,21,21,21,64,21,21,21,64,21,21,21,21,21,64,21,64,21,21,21,21,21,21,21,21,21,64,21,64,21,21,21,21,21,64,21,64,21,64,21,1517,341,85,21,3655","0000 006D 0022 0002 0155 00AA 0015 0040 0015 0040 0015 0040 0015 0015 0015 0015 0015 0015 0015 0015 0015 0040 0015 0040 0015 0015 0015 0040 0015 0015 0015 0015 0015 0015 0015 0040 0015 0015 0015 0040 0015 0015 0015 0015 0015 0040 0015 0040 0015 0015 0015 0015 0015 0015 0015 0015 0015 0040 0015 0040 0015 0015 0015 0015 0015 0040 0015 0040 0015 0040 0015 05ED 0155 0055 0015 0E47",,

"IRIS","sendir,1:1,1,38000,1,69,334,167,21,63,21,63,21,63,21,21,21,21,21,21,21,21,21,63,21,63,21,21,21,63,21,21,21,21,21,21,21,63,21,21,21,63,21,21,21,63,21,63,21,21,21,63,21,63,21,21,21,21,21,63,21,21,21,21,21,63,21,21,21,21,21,63,21,1463,334,84,21,3667","0000 006D 0022 0002 014E 00A7 0015 003F 0015 003F 0015 003F 0015 0015 0015 0015 0015 0015 0015 0015 0015 003F 0015 003F 0015 0015 0015 003F 0015 0015 0015 0015 0015 0015 0015 003F 0015 0015 0015 003F 0015 0015 0015 003F 0015 003F 0015 0015 0015 003F 0015 003F 0015 0015 0015 0015 0015 003F 0015 0015 0015 0015 0015 003F 0015 0015 0015 0015 0015 003F 0015 05B7 014E 0054 0015 0E53",,

"KEYSTONE","sendir,1:1,1,38000,1,69,341,170,21,64,21,64,21,64,21,21,21,21,21,21,21,21,21,64,21,64,21,21,21,64,21,21,21,21,21,21,21,64,21,21,21,21,21,64,21,64,21,21,21,64,21,64,21,21,21,64,21,64,21,21,21,21,21,64,21,21,21,21,21,64,21,21,21,1517,341,85,21,3655","0000 006D 0022 0002 0155 00AA 0015 0040 0015 0040 0015 0040 0015 0015 0015 0015 0015 0015 0015 0015 0015 0040 0015 0040 0015 0015 0015 0040 0015 0015 0015 0015 0015 0015 0015 0040 0015 0015 0015 0015 0015 0040 0015 0040 0015 0015 0015 0040 0015 0040 0015 0015 0015 0040 0015 0040 0015 0015 0015 0015 0015 0040 0015 0015 0015 0015 0015 0040 0015 0015 0015 05ED 0155 0055 0015 0E47",,

"LENS SHIFT MINUS","sendir,1:1,1,38000,1,69,341,170,21,64,21,64,21,64,21,21,21,21,21,21,21,21,21,64,21,64,21,21,21,64,21,21,21,21,21,21,21,64,21,21,21,21,21,64,21,21,21,64,21,21,21,64,21,64,21,21,21,64,21,21,21,64,21,21,21,64,21,21,21,21,21,64,21,1517,341,85,21,3655","0000 006D 0022 0002 0155 00AA 0015 0040 0015 0040 0015 0040 0015 0015 0015 0015 0015 0015 0015 0015 0015 0040 0015 0040 0015 0015 0015 0040 0015 0015 0015 0015 0015 0015 0015 0040 0015 0015 0015 0015 0015 0040 0015 0015 0015 0040 0015 0015 0015 0040 0015 0040 0015 0015 0015 0040 0015 0015 0015 0040 0015 0015 0015 0040 0015 0015 0015 0015 0015 0040 0015 05ED 0155 0055 0015 0E47",,

"LENS SHIFT PLUS","sendir,1:1,1,38000,1,69,341,170,21,64,21,64,21,64,21,21,21,21,21,21,21,21,21,64,21,64,21,21,21,64,21,21,21,21,21,21,21,64,21,21,21,64,21,64,21,21,21,64,21,21,21,64,21,64,21,21,21,21,21,21,21,64,21,21,21,64,21,21,21,21,21,64,21,1517,341,85,21,3655","0000 006D 0022 0002 0155 00AA 0015 0040 0015 0040 0015 0040 0015 0015 0015 0015 0015 0015 0015 0015 0015 0040 0015 0040 0015 0015 0015 0040 0015 0015 0015 0015 0015 0015 0015 0040 0015 0015 0015 0040 0015 0040 0015 0015 0015 0040 0015 0015 0015 0040 0015 0040 0015 0015 0015 0015 0015 0015 0015 0040 0015 0015 0015 0040 0015 0015 0015 0015 0015 0040 0015 05ED 0155 0055 0015 0E47",,

"MAGNIFY OFF","sendir,1:1,1,38000,1,69,341,170,21,64,21,64,21,64,21,21,21,21,21,21,21,21,21,64,21,64,21,21,21,64,21,21,21,21,21,21,21,64,21,21,21,64,21,64,21,21,21,21,21,64,21,64,21,21,21,64,21,21,21,21,21,64,21,64,21,21,21,21,21,64,21,21,21,1517,341,85,21,3655","0000 006D 0022 0002 0155 00AA 0015 0040 0015 0040 0015 0040 0015 0015 0015 0015 0015 0015 0015 0015 0015 0040 0015 0040 0015 0015 0015 0040 0015 0015 0015 0015 0015 0015 0015 0040 0015 0015 0015 0040 0015 0040 0015 0015 0015 0015 0015 0040 0015 0040 0015 0015 0015 0040 0015 0015 0015 0015 0015 0040 0015 0040 0015 0015 0015 0015 0015 0040 0015 0015 0015 05ED 0155 0055 0015 0E47",,

"MAGNIFY ON","sendir,1:1,1,38000,1,69,341,170,21,64,21,64,21,64,21,21,21,21,21,21,21,21,21,64,21,64,21,21,21,64,21,21,21,21,21,21,21,64,21,21,21,21,21,21,21,21,21,21,21,64,21,64,21,21,21,64,21,64,21,64,21,64,21,64,21,21,21,21,21,64,21,21,21,1517,341,85,21,3655","0000 006D 0022 0002 0155 00AA 0015 0040 0015 0040 0015 0040 0015 0015 0015 0015 0015 0015 0015 0015 0015 0040 0015 0040 0015 0015 0015 0040 0015 0015 0015 0015 0015 0015 0015 0040 0015 0015 0015 0015 0015 0015 0015 0015 0015 0015 0015 0040 0015 0040 0015 0015 0015 0040 0015 0040 0015 0040 0015 0040 0015 0040 0015 0015 0015 0015 0015 0040 0015 0015 0015 05ED 0155 0055 0015 0E47",,

"MENU MAIN","sendir,1:1,1,38000,1,69,341,170,21,64,21,64,21,64,21,21,21,21,21,21,21,21,21,64,21,64,21,21,21,64,21,21,21,21,21,21,21,64,21,21,21,21,21,21,21,21,21,21,21,21,21,64,21,21,21,21,21,64,21,64,21,64,21,64,21,64,21,21,21,64,21,64,21,1517,341,85,21,3655","0000 006D 0022 0002 0155 00AA 0015 0040 0015 0040 0015 0040 0015 0015 0015 0015 0015 0015 0015 0015 0015 0040 0015 0040 0015 0015 0015 0040 0015 0015 0015 0015 0015 0015 0015 0040 0015 0015 0015 0015 0015 0015 0015 0015 0015 0015 0015 0015 0015 0040 0015 0015 0015 0015 0015 0040 0015 0040 0015 0040 0015 0040 0015 0040 0015 0015 0015 0040 0015 0040 0015 05ED 0155 0055 0015 0E47",,

"MUTE TOGGLE","sendir,1:1,1,38000,1,69,341,170,21,64,21,64,21,64,21,21,21,21,21,21,21,21,21,64,21,64,21,21,21,64,21,21,21,21,21,21,21,64,21,21,21,21,21,64,21,21,21,21,21,64,21,21,21,64,21,21,21,64,21,21,21,64,21,64,21,21,21,64,21,21,21,64,21,1517,341,85,21,3655","0000 006D 0022 0002 0155 00AA 0015 0040 0015 0040 0015 0040 0015 0015 0015 0015 0015 0015 0015 0015 0015 0040 0015 0040 0015 0015 0015 0040 0015 0015 0015 0015 0015 0015 0015 0040 0015 0015 0015 0015 0015 0040 0015 0015 0015 0015 0015 0040 0015 0015 0015 0040 0015 0015 0015 0040 0015 0015 0015 0040 0015 0040 0015 0015 0015 0040 0015 0015 0015 0040 0015 05ED 0155 0055 0015 0E47",,

"ONE TOUCH","sendir,1:1,1,38000,1,69,341,170,21,64,21,64,21,64,21,21,21,21,21,21,21,21,21,64,21,64,21,21,21,64,21,21,21,21,21,21,21,64,21,21,21,21,21,64,21,21,21,64,21,64,21,21,21,21,21,21,21,64,21,21,21,64,21,21,21,21,21,64,21,64,21,64,21,1517,341,85,21,3655","0000 006D 0022 0002 0155 00AA 0015 0040 0015 0040 0015 0040 0015 0015 0015 0015 0015 0015 0015 0015 0015 0040 0015 0040 0015 0015 0015 0040 0015 0015 0015 0015 0015 0015 0015 0040 0015 0015 0015 0015 0015 0040 0015 0015 0015 0040 0015 0040 0015 0015 0015 0015 0015 0015 0015 0040 0015 0015 0015 0040 0015 0015 0015 0015 0015 0040 0015 0040 0015 0040 0015 05ED 0155 0055 0015 0E47",,

"PAGE DOWN","sendir,1:1,1,38000,1,69,341,170,21,64,21,64,21,64,21,21,21,21,21,21,21,21,21,64,21,64,21,21,21,64,21,21,21,21,21,21,21,64,21,21,21,64,21,21,21,21,21,21,21,64,21,21,21,64,21,64,21,21,21,64,21,64,21,64,21,21,21,64,21,21,21,21,21,1517,341,85,21,3655","0000 006D 0022 0002 0155 00AA 0015 0040 0015 0040 0015 0040 0015 0015 0015 0015 0015 0015 0015 0015 0015 0040 0015 0040 0015 0015 0015 0040 0015 0015 0015 0015 0015 0015 0015 0040 0015 0015 0015 0040 0015 0015 0015 0015 0015 0015 0015 0040 0015 0015 0015 0040 0015 0040 0015 0015 0015 0040 0015 0040 0015 0040 0015 0015 0015 0040 0015 0015 0015 0015 0015 05ED 0155 0055 0015 0E47",,

"PAGE UP","sendir,1:1,1,38000,1,69,341,170,21,64,21,64,21,64,21,21,21,21,21,21,21,21,21,64,21,64,21,21,21,64,21,21,21,21,21,21,21,64,21,21,21,21,21,21,21,21,21,21,21,64,21,21,21,64,21,64,21,64,21,64,21,64,21,64,21,21,21,64,21,21,21,21,21,1517,341,85,21,3655","0000 006D 0022 0002 0155 00AA 0015 0040 0015 0040 0015 0040 0015 0015 0015 0015 0015 0015 0015 0015 0015 0040 0015 0040 0015 0015 0015 0040 0015 0015 0015 0015 0015 0015 0015 0040 0015 0015 0015 0015 0015 0015 0015 0015 0015 0015 0015 0040 0015 0015 0015 0040 0015 0040 0015 0040 0015 0040 0015 0040 0015 0040 0015 0015 0015 0040 0015 0015 0015 0015 0015 05ED 0155 0055 0015 0E47",,

"PC END","sendir,1:1,1,38000,1,69,334,167,21,63,21,63,21,63,21,21,21,21,21,21,21,21,21,63,21,63,21,21,21,63,21,21,21,21,21,21,21,63,21,21,21,21,21,63,21,63,21,21,21,63,21,21,21,63,21,63,21,63,21,21,21,21,21,63,21,21,21,63,21,21,21,21,21,1463,334,84,21,3667","0000 006D 0022 0002 014E 00A7 0015 003F 0015 003F 0015 003F 0015 0015 0015 0015 0015 0015 0015 0015 0015 003F 0015 003F 0015 0015 0015 003F 0015 0015 0015 0015 0015 0015 0015 003F 0015 0015 0015 0015 0015 003F 0015 003F 0015 0015 0015 003F 0015 0015 0015 003F 0015 003F 0015 003F 0015 0015 0015 0015 0015 003F 0015 0015 0015 003F 0015 0015 0015 0015 0015 05B7 014E 0054 0015 0E53",,

"PC ESCAPE","sendir,1:1,1,38000,1,69,334,167,21,63,21,63,21,63,21,21,21,21,21,21,21,21,21,63,21,63,21,21,21,63,21,21,21,21,21,21,21,63,21,21,21,21,21,21,21,63,21,21,21,63,21,21,21,63,21,63,21,63,21,63,21,21,21,63,21,21,21,63,21,21,21,21,21,1463,334,84,21,3667","0000 006D 0022 0002 014E 00A7 0015 003F 0015 003F 0015 003F 0015 0015 0015 0015 0015 0015 0015 0015 0015 003F 0015 003F 0015 0015 0015 003F 0015 0015 0015 0015 0015 0015 0015 003F 0015 0015 0015 0015 0015 0015 0015 003F 0015 0015 0015 003F 0015 0015 0015 003F 0015 003F 0015 003F 0015 003F 0015 0015 0015 003F 0015 0015 0015 003F 0015 0015 0015 0015 0015 05B7 014E 0054 0015 0E53",,

"PC HOME","sendir,1:1,1,38000,1,69,334,167,21,63,21,63,21,63,21,21,21,21,21,21,21,21,21,63,21,63,21,21,21,63,21,21,21,21,21,21,21,63,21,21,21,63,21,21,21,63,21,21,21,63,21,21,21,63,21,63,21,21,21,63,21,21,21,63,21,21,21,63,21,21,21,21,21,1463,334,84,21,3667","0000 006D 0022 0002 014E 00A7 0015 003F 0015 003F 0015 003F 0015 0015 0015 0015 0015 0015 0015 0015 0015 003F 0015 003F 0015 0015 0015 003F 0015 0015 0015 0015 0015 0015 0015 003F 0015 0015 0015 003F 0015 0015 0015 003F 0015 0015 0015 003F 0015 0015 0015 003F 0015 003F 0015 0015 0015 003F 0015 0015 0015 003F 0015 0015 0015 003F 0015 0015 0015 0015 0015 05B7 014E 0054 0015 0E53",,

"PC PAGE DOWN","sendir,1:1,1,38000,1,69,334,167,21,63,21,63,21,63,21,21,21,21,21,21,21,21,21,63,21,63,21,21,21,63,21,21,21,21,21,21,21,63,21,21,21,63,21,21,21,21,21,21,21,63,21,21,21,63,21,63,21,21,21,63,21,63,21,63,21,21,21,63,21,21,21,21,21,1463,334,84,21,3667","0000 006D 0022 0002 014E 00A7 0015 003F 0015 003F 0015 003F 0015 0015 0015 0015 0015 0015 0015 0015 0015 003F 0015 003F 0015 0015 0015 003F 0015 0015 0015 0015 0015 0015 0015 003F 0015 0015 0015 003F 0015 0015 0015 0015 0015 0015 0015 003F 0015 0015 0015 003F 0015 003F 0015 0015 0015 003F 0015 003F 0015 003F 0015 0015 0015 003F 0015 0015 0015 0015 0015 05B7 014E 0054 0015 0E53",,

"PC PAGE UP","sendir,1:1,1,38000,1,69,334,167,21,63,21,63,21,63,21,21,21,21,21,21,21,21,21,63,21,63,21,21,21,63,21,21,21,21,21,21,21,63,21,21,21,21,21,21,21,21,21,21,21,63,21,21,21,63,21,63,21,63,21,63,21,63,21,63,21,21,21,63,21,21,21,21,21,1463,334,84,21,3667","0000 006D 0022 0002 014E 00A7 0015 003F 0015 003F 0015 003F 0015 0015 0015 0015 0015 0015 0015 0015 0015 003F 0015 003F 0015 0015 0015 003F 0015 0015 0015 0015 0015 0015 0015 003F 0015 0015 0015 0015 0015 0015 0015 0015 0015 0015 0015 003F 0015 0015 0015 003F 0015 003F 0015 003F 0015 003F 0015 003F 0015 003F 0015 0015 0015 003F 0015 0015 0015 0015 0015 05B7 014E 0054 0015 0E53",,

"PC SLIDE SHOW","sendir,1:1,1,38000,1,69,334,167,21,63,21,63,21,63,21,21,21,21,21,21,21,21,21,63,21,63,21,21,21,63,21,21,21,21,21,21,21,63,21,21,21,21,21,63,21,21,21,21,21,63,21,21,21,63,21,63,21,63,21,21,21,63,21,63,21,21,21,63,21,21,21,21,21,1463,334,84,21,3667","0000 006D 0022 0002 014E 00A7 0015 003F 0015 003F 0015 003F 0015 0015 0015 0015 0015 0015 0015 0015 0015 003F 0015 003F 0015 0015 0015 003F 0015 0015 0015 0015 0015 0015 0015 003F 0015 0015 0015 0015 0015 003F 0015 0015 0015 0015 0015 003F 0015 0015 0015 003F 0015 003F 0015 003F 0015 0015 0015 003F 0015 003F 0015 0015 0015 003F 0015 0015 0015 0015 0015 05B7 014E 0054 0015 0E53",,

"PICTURE","sendir,1:1,1,38000,1,69,334,167,21,63,21,63,21,63,21,21,21,21,21,21,21,21,21,63,21,63,21,21,21,63,21,21,21,21,21,21,21,63,21,21,21,63,21,21,21,63,21,63,21,21,21,21,21,63,21,63,21,21,21,63,21,21,21,21,21,63,21,63,21,21,21,21,21,1463,334,84,21,3667","0000 006D 0022 0002 014E 00A7 0015 003F 0015 003F 0015 003F 0015 0015 0015 0015 0015 0015 0015 0015 0015 003F 0015 003F 0015 0015 0015 003F 0015 0015 0015 0015 0015 0015 0015 003F 0015 0015 0015 003F 0015 0015 0015 003F 0015 003F 0015 0015 0015 0015 0015 003F 0015 003F 0015 0015 0015 003F 0015 0015 0015 0015 0015 003F 0015 003F 0015 0015 0015 0015 0015 05B7 014E 0054 0015 0E53",,

"PIP","sendir,1:1,1,38000,1,69,341,170,21,64,21,64,21,64,21,21,21,21,21,21,21,21,21,64,21,64,21,21,21,64,21,21,21,21,21,21,21,64,21,21,21,64,21,21,21,64,21,21,21,64,21,64,21,21,21,64,21,21,21,64,21,21,21,64,21,21,21,21,21,64,21,21,21,1517,341,85,21,3655","0000 006D 0022 0002 0155 00AA 0015 0040 0015 0040 0015 0040 0015 0015 0015 0015 0015 0015 0015 0015 0015 0040 0015 0040 0015 0015 0015 0040 0015 0015 0015 0015 0015 0015 0015 0040 0015 0015 0015 0040 0015 0015 0015 0040 0015 0015 0015 0040 0015 0040 0015 0015 0015 0040 0015 0015 0015 0040 0015 0015 0015 0040 0015 0015 0015 0015 0015 0040 0015 0015 0015 05ED 0155 0055 0015 0E47",,

"POSITION","sendir,1:1,1,38000,1,69,341,170,21,64,21,64,21,64,21,21,21,21,21,21,21,21,21,64,21,64,21,21,21,64,21,21,21,21,21,21,21,64,21,21,21,21,21,21,21,21,21,21,21,64,21,64,21,21,21,21,21,64,21,64,21,64,21,64,21,21,21,21,21,64,21,64,21,1517,341,85,21,3655","0000 006D 0022 0002 0155 00AA 0015 0040 0015 0040 0015 0040 0015 0015 0015 0015 0015 0015 0015 0015 0015 0040 0015 0040 0015 0015 0015 0040 0015 0015 0015 0015 0015 0015 0015 0040 0015 0015 0015 0015 0015 0015 0015 0015 0015 0015 0015 0040 0015 0040 0015 0015 0015 0015 0015 0040 0015 0040 0015 0040 0015 0040 0015 0015 0015 0015 0015 0040 0015 0040 0015 05ED 0155 0055 0015 0E47",,

"POWER OFF","sendir,1:1,1,38000,1,69,341,170,21,64,21,64,21,64,21,21,21,21,21,21,21,21,21,64,21,64,21,21,21,64,21,21,21,21,21,21,21,64,21,21,21,21,21,64,21,64,21,64,21,64,21,21,21,21,21,21,21,64,21,21,21,21,21,21,21,21,21,64,21,64,21,64,21,1517,341,85,21,3655","0000 006D 0022 0002 0155 00AA 0015 0040 0015 0040 0015 0040 0015 0015 0015 0015 0015 0015 0015 0015 0015 0040 0015 0040 0015 0015 0015 0040 0015 0015 0015 0015 0015 0015 0015 0040 0015 0015 0015 0015 0015 0040 0015 0040 0015 0040 0015 0040 0015 0015 0015 0015 0015 0015 0015 0040 0015 0015 0015 0015 0015 0015 0015 0015 0015 0040 0015 0040 0015 0040 0015 05ED 0155 0055 0015 0E47",,

"POWER ON","sendir,1:1,1,38000,1,69,341,170,21,64,21,64,21,64,21,21,21,21,21,21,21,21,21,64,21,64,21,21,21,64,21,21,21,21,21,21,21,64,21,21,21,64,21,21,21,64,21,64,21,64,21,21,21,21,21,21,21,21,21,64,21,21,21,21,21,21,21,64,21,64,21,64,21,1517,341,85,21,3655","0000 006D 0022 0002 0155 00AA 0015 0040 0015 0040 0015 0040 0015 0015 0015 0015 0015 0015 0015 0015 0015 0040 0015 0040 0015 0015 0015 0040 0015 0015 0015 0015 0015 0015 0015 0040 0015 0015 0015 0040 0015 0015 0015 0040 0015 0040 0015 0040 0015 0015 0015 0015 0015 0015 0015 0015 0015 0040 0015 0015 0015 0015 0015 0015 0015 0040 0015 0040 0015 0040 0015 05ED 0155 0055 0015 0E47",,

"POWER TOGGLE","sendir,1:1,1,38000,1,69,341,170,21,64,21,64,21,64,21,21,21,21,21,21,21,21,21,64,21,64,21,21,21,64,21,21,21,21,21,21,21,64,21,21,21,64,21,64,21,64,21,21,21,64,21,21,21,21,21,21,21,21,21,21,21,21,21,64,21,21,21,64,21,64,21,64,21,1517,341,85,21,3655","0000 006D 0022 0002 0155 00AA 0015 0040 0015 0040 0015 0040 0015 0015 0015 0015 0015 0015 0015 0015 0015 0040 0015 0040 0015 0015 0015 0040 0015 0015 0015 0015 0015 0015 0015 0040 0015 0015 0015 0040 0015 0040 0015 0040 0015 0015 0015 0040 0015 0015 0015 0015 0015 0015 0015 0015 0015 0015 0015 0015 0015 0040 0015 0015 0015 0040 0015 0040 0015 0040 0015 05ED 0155 0055 0015 0E47",,

"RESET","sendir,1:1,1,38000,1,69,334,167,21,63,21,63,21,63,21,21,21,21,21,21,21,21,21,63,21,63,21,21,21,63,21,21,21,21,21,21,21,63,21,21,21,21,21,63,21,21,21,21,21,21,21,63,21,21,21,21,21,63,21,21,21,63,21,63,21,63,21,21,21,63,21,63,21,1463,334,84,21,3667","0000 006D 0022 0002 014E 00A7 0015 003F 0015 003F 0015 003F 0015 0015 0015 0015 0015 0015 0015 0015 0015 003F 0015 003F 0015 0015 0015 003F 0015 0015 0015 0015 0015 0015 0015 003F 0015 0015 0015 0015 0015 003F 0015 0015 0015 0015 0015 0015 0015 003F 0015 0015 0015 0015 0015 003F 0015 0015 0015 003F 0015 003F 0015 003F 0015 0015 0015 003F 0015 003F 0015 05B7 014E 0054 0015 0E53",,

"SEARCH","sendir,1:1,1,38000,1,69,334,167,21,63,21,63,21,63,21,21,21,21,21,21,21,21,21,63,21,63,21,21,21,63,21,21,21,21,21,21,21,63,21,21,21,21,21,63,21,21,21,63,21,63,21,21,21,21,21,21,21,63,21,21,21,63,21,21,21,21,21,63,21,63,21,63,21,1463,334,84,21,3667","0000 006D 0022 0002 014E 00A7 0015 003F 0015 003F 0015 003F 0015 0015 0015 0015 0015 0015 0015 0015 0015 003F 0015 003F 0015 0015 0015 003F 0015 0015 0015 0015 0015 0015 0015 003F 0015 0015 0015 0015 0015 003F 0015 0015 0015 003F 0015 003F 0015 0015 0015 0015 0015 0015 0015 003F 0015 0015 0015 003F 0015 0015 0015 0015 0015 003F 0015 003F 0015 003F 0015 05B7 014E 0054 0015 0E53",,

"TIMER","sendir,1:1,1,38000,1,69,334,167,21,63,21,63,21,63,21,21,21,21,21,21,21,21,21,63,21,63,21,21,21,63,21,21,21,21,21,21,21,63,21,21,21,21,21,21,21,21,21,21,21,21,21,21,21,63,21,21,21,63,21,63,21,63,21,63,21,63,21,63,21,21,21,63,21,1463,334,84,21,3667","0000 006D 0022 0002 014E 00A7 0015 003F 0015 003F 0015 003F 0015 0015 0015 0015 0015 0015 0015 0015 0015 003F 0015 003F 0015 0015 0015 003F 0015 0015 0015 0015 0015 0015 0015 003F 0015 0015 0015 0015 0015 0015 0015 0015 0015 0015 0015 0015 0015 0015 0015 003F 0015 0015 0015 003F 0015 003F 0015 003F 0015 003F 0015 003F 0015 003F 0015 0015 0015 003F 0015 05B7 014E 0054 0015 0E53",,

"VIDEO MEMORY 1","sendir,1:1,1,38000,1,69,334,167,21,63,21,63,21,63,21,21,21,21,21,21,21,21,21,63,21,63,21,21,21,63,21,21,21,21,21,21,21,63,21,21,21,21,21,21,21,21,21,21,21,21,21,21,21,63,21,63,21,63,21,63,21,63,21,63,21,63,21,63,21,21,21,21,21,1463,334,84,21,3667","0000 006D 0022 0002 014E 00A7 0015 003F 0015 003F 0015 003F 0015 0015 0015 0015 0015 0015 0015 0015 0015 003F 0015 003F 0015 0015 0015 003F 0015 0015 0015 0015 0015 0015 0015 003F 0015 0015 0015 0015 0015 0015 0015 0015 0015 0015 0015 0015 0015 0015 0015 003F 0015 003F 0015 003F 0015 003F 0015 003F 0015 003F 0015 003F 0015 003F 0015 0015 0015 0015 0015 05B7 014E 0054 0015 0E53",,

"VIDEO MEMORY 2","sendir,1:1,1,38000,1,69,334,167,21,63,21,63,21,63,21,21,21,21,21,21,21,21,21,63,21,63,21,21,21,63,21,21,21,21,21,21,21,63,21,21,21,63,21,21,21,21,21,21,21,21,21,21,21,63,21,63,21,21,21,63,21,63,21,63,21,63,21,63,21,21,21,21,21,1463,334,84,21,3667","0000 006D 0022 0002 014E 00A7 0015 003F 0015 003F 0015 003F 0015 0015 0015 0015 0015 0015 0015 0015 0015 003F 0015 003F 0015 0015 0015 003F 0015 0015 0015 0015 0015 0015 0015 003F 0015 0015 0015 003F 0015 0015 0015 0015 0015 0015 0015 0015 0015 0015 0015 003F 0015 003F 0015 0015 0015 003F 0015 003F 0015 003F 0015 003F 0015 003F 0015 0015 0015 0015 0015 05B7 014E 0054 0015 0E53",,

"VIDEO MEMORY 3","sendir,1:1,1,38000,1,69,334,167,21,63,21,63,21,63,21,21,21,21,21,21,21,21,21,63,21,63,21,21,21,63,21,21,21,21,21,21,21,63,21,21,21,21,21,63,21,21,21,21,21,21,21,21,21,63,21,63,21,63,21,21,21,63,21,63,21,63,21,63,21,21,21,21,21,1463,334,84,21,3667","0000 006D 0022 0002 014E 00A7 0015 003F 0015 003F 0015 003F 0015 0015 0015 0015 0015 0015 0015 0015 0015 003F 0015 003F 0015 0015 0015 003F 0015 0015 0015 0015 0015 0015 0015 003F 0015 0015 0015 0015 0015 003F 0015 0015 0015 0015 0015 0015 0015 0015 0015 003F 0015 003F 0015 003F 0015 0015 0015 003F 0015 003F 0015 003F 0015 003F 0015 0015 0015 0015 0015 05B7 014E 0054 0015 0E53",,

"VIDEO MEMORY 4","sendir,1:1,1,38000,1,69,334,167,21,63,21,63,21,63,21,21,21,21,21,21,21,21,21,63,21,63,21,21,21,63,21,21,21,21,21,21,21,63,21,21,21,63,21,63,21,21,21,21,21,21,21,21,21,63,21,63,21,21,21,21,21,63,21,63,21,63,21,63,21,21,21,21,21,1463,334,84,21,3667","0000 006D 0022 0002 014E 00A7 0015 003F 0015 003F 0015 003F 0015 0015 0015 0015 0015 0015 0015 0015 0015 003F 0015 003F 0015 0015 0015 003F 0015 0015 0015 0015 0015 0015 0015 003F 0015 0015 0015 003F 0015 003F 0015 0015 0015 0015 0015 0015 0015 0015 0015 003F 0015 003F 0015 0015 0015 0015 0015 003F 0015 003F 0015 003F 0015 003F 0015 0015 0015 0015 0015 05B7 014E 0054 0015 0E53",,

"VOLUME","sendir,1:1,1,38000,1,69,341,170,21,64,21,64,21,64,21,21,21,21,21,21,21,21,21,64,21,64,21,21,21,64,21,21,21,21,21,21,21,64,21,21,21,64,21,64,21,21,21,21,21,64,21,21,21,64,21,21,21,21,21,21,21,64,21,64,21,21,21,64,21,21,21,64,21,1517,341,85,21,3655","0000 006D 0022 0002 0155 00AA 0015 0040 0015 0040 0015 0040 0015 0015 0015 0015 0015 0015 0015 0015 0015 0040 0015 0040 0015 0015 0015 0040 0015 0015 0015 0015 0015 0015 0015 0040 0015 0015 0015 0040 0015 0040 0015 0015 0015 0015 0015 0040 0015 0015 0015 0040 0015 0015 0015 0015 0015 0015 0015 0040 0015 0040 0015 0015 0015 0040 0015 0015 0015 0040 0015 05ED 0155 0055 0015 0E47",,

"VOLUME DOWN","sendir,1:1,1,38000,1,69,334,167,21,63,21,63,21,63,21,21,21,21,21,21,21,21,21,63,21,63,21,21,21,63,21,21,21,21,21,21,21,63,21,21,21,21,21,21,21,21,21,21,21,63,21,21,21,63,21,21,21,63,21,63,21,63,21,63,21,21,21,63,21,21,21,63,21,1463,334,84,21,3667","0000 006D 0022 0002 014E 00A7 0015 003F 0015 003F 0015 003F 0015 0015 0015 0015 0015 0015 0015 0015 0015 003F 0015 003F 0015 0015 0015 003F 0015 0015 0015 0015 0015 0015 0015 003F 0015 0015 0015 0015 0015 0015 0015 0015 0015 0015 0015 003F 0015 0015 0015 003F 0015 0015 0015 003F 0015 003F 0015 003F 0015 003F 0015 0015 0015 003F 0015 0015 0015 003F 0015 05B7 014E 0054 0015 0E53",,

"VOLUME UP","sendir,1:1,1,38000,1,69,334,167,21,63,21,63,21,63,21,21,21,21,21,21,21,21,21,63,21,63,21,21,21,63,21,21,21,21,21,21,21,63,21,21,21,63,21,21,21,21,21,21,21,63,21,21,21,63,21,21,21,21,21,63,21,63,21,63,21,21,21,63,21,21,21,63,21,1463,334,84,21,3667","0000 006D 0022 0002 014E 00A7 0015 003F 0015 003F 0015 003F 0015 0015 0015 0015 0015 0015 0015 0015 0015 003F 0015 003F 0015 0015 0015 003F 0015 0015 0015 0015 0015 0015 0015 003F 0015 0015 0015 003F 0015 0015 0015 0015 0015 0015 0015 003F 0015 0015 0015 003F 0015 0015 0015 0015 0015 003F 0015 003F 0015 003F 0015 0015 0015 003F 0015 0015 0015 003F 0015 05B7 014E 0054 0015 0E53",,

"WIRELESS","sendir,1:1,1,38000,1,69,341,170,21,64,21,64,21,64,21,21,21,21,21,21,21,21,21,64,21,64,21,21,21,64,21,21,21,21,21,21,21,64,21,21,21,21,21,64,21,64,21,21,21,64,21,21,21,21,21,21,21,64,21,21,21,21,21,64,21,21,21,64,21,64,21,64,21,1517,341,85,21,3655","0000 006D 0022 0002 0155 00AA 0015 0040 0015 0040 0015 0040 0015 0015 0015 0015 0015 0015 0015 0015 0015 0040 0015 0040 0015 0015 0015 0040 0015 0015 0015 0015 0015 0015 0015 0040 0015 0015 0015 0015 0015 0040 0015 0040 0015 0015 0015 0040 0015 0015 0015 0015 0015 0015 0015 0040 0015 0015 0015 0015 0015 0040 0015 0015 0015 0040 0015 0040 0015 0040 0015 05ED 0155 0055 0015 0E47",,

"ZOOM IN","sendir,1:1,1,38000,1,69,341,170,21,64,21,64,21,64,21,21,21,21,21,21,21,21,21,64,21,64,21,21,21,64,21,21,21,21,21,21,21,64,21,21,21,21,21,21,21,21,21,21,21,21,21,64,21,64,21,21,21,64,21,64,21,64,21,64,21,64,21,21,21,21,21,64,21,1517,341,85,21,3655","0000 006D 0022 0002 0155 00AA 0015 0040 0015 0040 0015 0040 0015 0015 0015 0015 0015 0015 0015 0015 0015 0040 0015 0040 0015 0015 0015 0040 0015 0015 0015 0015 0015 0015 0015 0040 0015 0015 0015 0015 0015 0015 0015 0015 0015 0015 0015 0015 0015 0040 0015 0040 0015 0015 0015 0040 0015 0040 0015 0040 0015 0040 0015 0040 0015 0015 0015 0015 0015 0040 0015 05ED 0155 0055 0015 0E47",,

"ZOOM OUT","sendir,1:1,1,38000,1,69,341,170,21,64,21,64,21,64,21,21,21,21,21,21,21,21,21,64,21,64,21,21,21,64,21,21,21,21,21,21,21,64,21,21,21,64,21,21,21,21,21,21,21,21,21,64,21,64,21,21,21,21,21,64,21,64,21,64,21,64,21,21,21,21,21,64,21,1517,341,85,21,3655","0000 006D 0022 0002 0155 00AA 0015 0040 0015 0040 0015 0040 0015 0015 0015 0015 0015 0015 0015 0015 0015 0040 0015 0040 0015 0015 0015 0040 0015 0015 0015 0015 0015 0015 0015 0040 0015 0015 0015 0040 0015 0015 0015 0015 0015 0015 0015 0015 0015 0040 0015 0040 0015 0015 0015 0015 0015 0040 0015 0040 0015 0040 0015 0040 0015 0015 0015 0015 0015 0040 0015 05ED 0155 0055 0015 0E47",,